radix=10;
coefdata=-0.01276241288817537948563352046,0,-0.02112741263861588406069991208,0,-0.03266039991780542856014690756,0,-0.04890714862934831402840885062,0,-0.07318450111154292669901622048,0,-0.11420131029928873300782754541,0,-0.20415377079261154413813983410,0,-0.63390513779006396610782303469,0,0.63390513779006396610782303469,0,0.20415377079261154413813983410,0,0.11420131029928873300782754541,0,0.07318450111154292669901622048,0,0.04890714862934831402840885062,0,0.03266039991780542856014690756,0,0.02112741263861588406069991208,0,0.01276241288817537948563352046;